lang: English  gend: Male  name: John Murray  
10.0 0:01:02.590000 1 0.0 1 
2.0 0:00:41.287000 2 8.0 1 
3.0 0:00:20.598000 3 7.0 0 
9.0 0:00:21.878000 4 1.0 1 
0.0 0:00:34.303000 5 10.0 1 
3.0 0:00:24.119000 6 7.0 1 
6.0 0:00:18.991000 7 4.0 0 
3.0 0:00:09.309000 8 7.0 1 
0.0 0:00:12.319000 9 10.0 1 
3.0 0:00:27.903000 10 7.0 0 
4.0 0:00:21.973000 11 6.0 1 
2.0 0:00:27.079000 12 8.0 0 
0.0 0:00:15.447000 13 10.0 1 
0.0 0:00:10.070000 14 10.0 1 
7.0 0:00:24.134000 15 3.0 0 
8.0 0:00:15.943000 16 2.0 0 
lang: chinese  gend: male  name: robert yang  
4.0 0:00:31.931000 1 6.0 0 
0.0 0:00:10.022000 2 10.0 1 
10.0 0:00:13.679000 3 0.0 1 
8.0 0:00:11.510000 4 2.0 1 
0.0 0:00:08.639000 5 10.0 1 
0.0 0:00:08.543000 6 10.0 1 
7.0 0:00:25.269000 7 3.0 0 
3.0 0:00:17.006000 8 7.0 1 
0.0 0:00:08.191000 9 10.0 1 
4.0 0:00:23.614000 10 6.0 0 
5.0 0:00:08.991000 11 5.0 1 
5.0 0:00:17.054000 12 5.0 0 
0.0 0:00:07.023000 13 10.0 1 
0.0 0:00:07.486000 14 10.0 1 
5.0 0:00:08.662000 15 5.0 1 
8.0 0:00:08.566000 16 2.0 0 
lang: english  gend: female  name: Gabrielle Gutierrez  
5.0 0:00:10.266000 1 5.0 0 
0.0 0:00:11.215000 2 100.0 1 
6.0 0:00:22.582000 3 4.0 1 
7.0 0:00:08.487000 4 3.0 1 
5.0 0:00:24.142000 5 5.0 1 
5.0 0:00:05.847000 6 5.0 1 
6.0 0:00:09.262000 7 4.0 0 
3.0 0:00:06.166000 8 7.0 1 
0.0 0:00:14.063000 9 10.0 1 
5.0 0:00:07.087000 10 5.0 0 
5.0 0:00:16.326000 11 5.0 1 
4.0 0:00:10.126000 12 6.0 0 
6.0 0:00:07.375000 13 4.0 0 
2.0 0:00:07.286000 14 8.0 1 
7.0 0:00:13.935000 15 3.0 0 
5.0 0:00:08.646000 16 5.0 1 
lang: Chinese  gend: Male  name: Longfei Wang  
2.0 0:01:39.371000 1 4.0 0 
0.0 0:00:27.757000 2 10.0 1 
10.0 0:02:40.101000 3 0.0 1 
5.0 0:00:42.702000 4 5.0 0 
0.0 0:00:12.958000 5 10.0 1 
0.0 0:00:25.038000 6 10.0 1 
10.0 0:00:10.439000 7 0.0 0 
8.0 0:00:22.389000 8 2.0 0 
0.0 0:00:09.494000 9 10.0 1 
10.0 0:00:11.734000 10 0.0 1 
5.0 0:00:19.798000 11 5.0 1 
5.0 0:00:15.038000 12 5.0 0 
0.0 0:00:19.997000 13 10.0 1 
0.0 0:00:17.421000 14 10.0 1 
7.0 0:00:29.207000 15 3.0 0 
4.0 0:00:39.541000 16 6.0 1 
lang: Chinese  gend: Male  name: Luozheng Li  
5.0 0:01:14.619000 1 5.0 0 
10.0 0:00:13.758000 2 0.0 0 
10.0 0:00:06.558000 3 0.0 1 
4.0 0:00:14.175000 4 6.0 0 
0.0 0:00:17.151000 5 10.0 1 
0.0 0:00:15.647000 6 10.0 1 
3.0 0:00:25.413000 7 7.0 1 
5.0 0:00:15.655000 8 5.0 1 
0.0 0:00:11.758000 9 10.0 1 
1.0 0:00:44.182000 10 9.0 0 
4.0 0:00:23.886000 11 6.0 1 
4.0 0:00:23.757000 12 6.0 0 
0.0 0:00:14.718000 13 10.0 1 
0.0 0:00:11.055000 14 10.0 1 
7.0 0:00:42.821000 15 3.0 0 
6.0 0:00:33.846000 16 4.0 0 
lang: Chinese  gend: Fale  name: Wen-Liang Wang  
5.0 0:00:27.380000 1 5.0 0 
0.0 0:00:19.446000 2 10.0 1 
0.0 0:00:22.518000 3 10.0 0 
5.0 0:00:12.294000 4 5.0 0 
0.0 0:00:16.910000 5 10.0 1 
0.0 0:00:10.094000 6 10.0 1 
5.0 0:00:19.775000 7 5.0 1 
5.0 0:00:16.206000 8 5.0 1 
0.0 0:00:12.806000 9 10.0 1 
7.0 0:00:19.358000 10 3.0 1 
5.0 0:00:12.719000 11 5.0 1 
5.0 0:00:22.790000 12 5.0 0 
0.0 0:00:19.927000 13 10.0 1 
0.0 0:00:20.526000 14 10.0 1 
7.0 0:00:47.157000 15 3.0 0 
5.0 0:00:22.095000 16 5.0 1 
lang: Catalan  gend: Male  name: Marc Ramon  
10.0 0:00:15.148000 1 0.0 1 
8.0 0:00:17.638000 2 2.0 0 
5.0 0:00:19.126000 3 5.0 0 
4.0 0:00:17.646000 4 6.0 0 
0.0 0:00:19.078000 5 10.0 1 
0.0 0:00:11.886000 6 10.0 1 
7.0 0:00:13.646000 7 3.0 0 
5.0 0:00:05.830000 8 5.0 1 
0.0 0:00:09.159000 9 10.0 1 
2.0 0:00:12.661000 10 8.0 0 
5.0 0:00:08.479000 11 5.0 1 
5.0 0:00:07.309000 12 5.0 0 
0.0 0:00:07.271000 13 10.0 1 
0.0 0:00:13.582000 14 10.0 1 
5.0 0:00:09.054000 15 5.0 1 
7.0 0:00:14.735000 16 3.0 0 
lang: German  gend: Female  name: Beatrice Jobst  
4.0 0:00:16.963000 1 6.0 0 
0.0 0:00:15.166000 2 10.0 1 
7.0 0:00:13.878000 3 3.0 1 
6.0 0:00:21.398000 4 4.0 1 
0.0 0:00:15.910000 5 10.0 1 
4.0 0:00:14.270000 6 6.0 1 
7.0 0:00:19.990000 7 3.0 0 
4.0 0:00:28.381000 8 6.0 1 
0.0 0:00:11.654000 9 10.0 1 
4.0 0:00:10.942000 10 6.0 0 
3.0 0:00:21.510000 11 7.0 1 
4.0 0:00:08.413000 12 6.0 0 
7.0 0:00:10.039000 13 3.0 0 
0.0 0:00:07.421000 14 10.0 1 
8.0 0:00:07.319000 15 2.0 0 
7.0 0:00:23.261000 16 3.0 0 
lang: Tamil  gend: Female  name: Swetha Shankar  
90.0 0:00:13.963000 1 10.0 1 
6.0 0:00:23.437000 2 4.0 0 
8.0 0:00:12.247000 3 2.0 1 
8.0 0:00:10.093000 4 2.0 1 
0.0 0:00:37.486000 5 10.0 1 
9.0 0:00:11.134000 6 1.0 0 
10.0 0:00:07.542000 7 0.0 0 
0.0 0:00:05.998000 8 10.0 1 
0.0 0:00:08.685000 9 10.0 1 
9.0 0:00:06.903000 10 1.0 1 
0.0 0:00:09.565000 11 10.0 1 
0.0 0:00:07.151000 12 10.0 0 
0.0 0:00:07.341000 13 10.0 1 
0.0 0:00:14.542000 14 10.0 1 
10.0 0:00:05.830000 15 0.0 0 
4.0 0:00:09.854000 16 6.0 1 
lang: Chinese  gend: female  name: dongqin cai  
6.0 0:01:33.899000 1 4.0 1 
10.0 0:00:13.935000 2 0.0 0 
2.0 0:01:08.654000 3 8.0 0 
4.0 0:00:10.501000 4 6.0 0 
0.0 0:00:15.655000 5 10.0 1 
0.0 0:00:12.974000 6 10.0 1 
1.0 0:00:16.831000 7 9.0 1 
4.0 0:00:13.815000 8 6.0 1 
0.0 0:00:08.438000 9 10.0 1 
8.0 0:00:26.102000 10 2.0 1 
4.0 0:00:19.126000 11 6.0 1 
4.0 0:00:07.759000 12 6.0 0 
6.0 0:00:15.134000 13 4.0 0 
0.0 0:00:21.822000 14 10.0 1 
7.0 0:00:18.718000 15 3.0 0 
4.0 0:00:17.895000 16 6.0 1 
lang: chinese  gend: male  name: wen  
4.0 0:00:40.236000 1 6.0 0 
3.0 0:00:22.182000 2 7.0 1 
8.0 0:00:35.998000 3 2.0 1 
8.0 0:00:19.870000 4 2.0 1 
1.0 0:00:39.984000 5 9.0 1 
0.0 0:00:55.830000 6 10.0 1 
3.0 0:00:31.007000 7 7.0 1 
4.0 0:00:13.094000 8 6.0 1 
0.0 0:00:11.863000 9 10.0 1 
9.0 0:00:17.574000 10 1.0 1 
3.0 0:00:29.494000 11 7.0 1 
3.0 0:00:17.414000 12 7.0 0 
8.0 0:00:17.310000 13 2.0 0 
6.0 0:00:10.390000 14 4.0 0 
6.0 0:00:18.974000 15 4.0 0 
4.0 0:00:11.656000 16 6.0 1 
lang: Portuguese  gend: m  name: Leonardo Gollo  
3.0 0:00:20.660000 1 7.0 0 
3.0 0:00:29.181000 2 7.0 1 
4.0 0:00:15.198000 3 6.0 0 
7.0 0:00:11.423000 4 3.0 1 
0.0 0:00:11.590000 5 10.0 1 
5.0 0:00:18.127000 6 5.0 1 
6.0 0:00:13.183000 7 4.0 0 
5.0 0:00:11.782000 8 5.0 1 
0.0 0:00:29.942000 9 10.0 1 
6.0 0:00:24.678000 10 4.0 1 
0.0 0:00:16.598000 11 10.0 1 
3.0 0:00:24.670000 12 7.0 0 
6.0 0:00:21.495000 13 4.0 0 
0.0 0:00:17.662000 14 10.0 1 
5.0 0:00:20.830000 15 5.0 1 
3.0 0:00:19.558000 16 7.0 1 
lang: American  gend: Man  name: Stephen Keeley  
5.0 0:01:01.051000 1 5.0 0 
7.0 0:00:17.094000 2 3.0 0 
6.0 0:00:05.885000 3 4.0 1 
7.0 0:00:09.750000 4 3.0 1 
0.0 0:00:16.743000 5 10.0 1 
4.0 0:00:10.887000 6 6.0 1 
7.0 0:00:07.693000 7 3.0 0 
2.0 0:00:19.927000 8 8.0 1 
0.0 0:00:28.853000 9 10.0 1 
10.0 0:00:11.591000 10 0.0 1 
0.0 0:00:16.543000 11 10.0 1 
5.0 0:00:13.863000 12 5.0 0 
6.0 0:00:16.063000 13 4.0 0 
3.0 0:00:16.119000 14 7.0 1 
7.0 0:00:18.646000 15 3.0 0 
7.0 0:00:13.533000 16 3.0 0 
lang: English  gend: Male  name: Bart Massi  
5.0 0:00:30.883000 1 5.0 0 
3.0 0:00:10.877000 2 7.0 1 
6.0 0:00:07.438000 3 4.0 1 
5.0 0:00:04.734000 4 5.0 0 
0.0 0:00:26.110000 5 10.0 1 
5.0 0:00:05.934000 6 5.0 1 
6.0 0:00:06.454000 7 4.0 0 
3.0 0:00:06.414000 8 7.0 1 
0.0 0:00:05.046000 9 10.0 1 
5.0 0:00:08.486000 10 5.0 0 
5.0 0:00:09.630000 11 5.0 1 
5.0 0:00:04.653000 12 5.0 0 
7.0 0:00:07.543000 13 3.0 0 
9.0 0:00:08.605000 14 1.0 0 
5.0 0:00:05.495000 15 5.0 1 
3.0 0:00:07.158000 16 7.0 1 
lang: English  gend: F  name: Genevieve Yang  
8.0 0:00:20.250000 1 2.0 1 
8.0 0:00:15.615000 2 2.0 0 
8.0 0:00:12.246000 3 2.0 1 
5.0 0:00:06.439000 4 5.0 0 
0.0 0:00:14.398000 5 10.0 1 
0.0 0:00:10.414000 6 10.0 1 
7.0 0:00:12.759000 7 3.0 0 
3.0 0:00:06.702000 8 7.0 1 
0.0 0:00:12.471000 9 10.0 1 
5.0 0:00:17.782000 10 5.0 0 
5.0 0:00:05.742000 11 5.0 1 
5.0 0:00:04.727000 12 5.0 0 
0.0 0:00:10.238000 13 10.0 1 
9.0 0:00:14.198000 14 1.0 0 
7.0 0:00:08.447000 15 3.0 0 
7.0 0:00:17.661000 16 3.0 0 
